<?xml version="1.0"?>
<opencv_storage>
<R type_id="opencv-matrix">
  <rows>3</rows>
  <cols>3</cols>
  <dt>d</dt>
  <data>
    9.9848594363562415e-01 1.1478535952346601e-02
    -5.3796501507698838e-02 -1.1942181338268085e-02
    9.9989420023895992e-01 -8.3049764222801054e-03
    5.3695480880248003e-02 8.9348497962413141e-03 9.9851738281922642e-01</data></R>
<T type_id="opencv-matrix">
  <rows>3</rows>
  <cols>1</cols>
  <dt>d</dt>
  <data>
    -3.0167376100603846e+01 -3.6243814568461857e-01
    -1.5433271738355145e+00</data></T>
</opencv_storage>
