%YAML:1.0
---
R: !!opencv-matrix
   rows: 3
   cols: 3
   dt: d
   data: [ 4.7470160769824316e-01, 7.1906141283233777e-02,
       8.7720458873312945e-01, 1.5103150459250436e-01,
       9.7521882643753699e-01, -1.6167165856240043e-01,
       -8.6709161469202756e-01, 2.0923132511062650e-01,
       4.5207785206004480e-01 ]
T: !!opencv-matrix
   rows: 3
   cols: 1
   dt: d
   data: [ -1.1793808620854473e+02, -3.8838767898669198e+00,
       1.5065911382871289e+02 ]
R1: !!opencv-matrix
   rows: 3
   cols: 3
   dt: d
   data: [ 9.7824534076174230e-01, -1.0061378123259428e-01,
       1.8141918394707476e-01, 1.1640431181368223e-01,
       9.9008871540273058e-01, -7.8577171133565119e-02,
       -1.7171514047726247e-01, 9.7985726808807225e-02,
       9.8026155074685239e-01 ]
R2: !!opencv-matrix
   rows: 3
   cols: 3
   dt: d
   data: [ 6.1628162785715723e-01, 2.0295071654998588e-02,
       -7.8726429185645841e-01, 5.7522517925615045e-02,
       9.9583757504068005e-01, 7.0701372466134643e-02,
       7.8542225273876076e-01, -8.8857381255674425e-02,
       6.1254897820431797e-01 ]
P1: !!opencv-matrix
   rows: 3
   cols: 4
   dt: d
   data: [ -3.2976688891990880e+00, 0., 6.1337577199935913e+02, 0., 0.,
       -3.2976688891990880e+00, 5.0380050849914551e+02, 0., 0., 0., 1.,
       0. ]
P2: !!opencv-matrix
   rows: 3
   cols: 4
   dt: d
   data: [ -3.2976688891990880e+00, 0., 6.1337577199935913e+02,
       6.3107634588085239e+02, 0., -3.2976688891990880e+00,
       5.0380050849914551e+02, 0., 0., 0., 1., 0. ]
Q: !!opencv-matrix
   rows: 4
   cols: 4
   dt: d
   data: [ 1., 0., 0., -6.1337577199935913e+02, 0., 1., 0.,
       -5.0380050849914551e+02, 0., 0., 0., -3.2976688891990880e+00, 0.,
       0., 5.2254674267599478e-03, 0. ]
