<?xml version="1.0"?>
<opencv_storage>
<R type_id="opencv-matrix">
  <rows>3</rows>
  <cols>3</cols>
  <dt>d</dt>
  <data>
    9.3878026955775373e-01 1.0218384395914790e-01
    -3.2901378014120303e-01 -1.2021967422524851e-01
    9.9213396815403820e-01 -3.4891534275478982e-02
    3.2286039617495127e-01 7.2309413416610707e-02 9.4368030249290424e-01</data></R>
<T type_id="opencv-matrix">
  <rows>3</rows>
  <cols>1</cols>
  <dt>d</dt>
  <data>
    3.4972944075439159e+01 -2.7058404000121641e+00
    6.0176706023112549e+00</data></T>
</opencv_storage>
