<?xml version="1.0"?>
<opencv_storage>
<R type_id="opencv-matrix">
  <rows>3</rows>
  <cols>3</cols>
  <dt>d</dt>
  <data>
    9.9979151638688746e-01 1.7925296665642866e-03 2.0339877044925150e-02
    -4.6488216379170038e-04 9.9787922417188868e-01
    -6.5090996694499165e-02 -2.0413418267942646e-02
    6.5067970642275291e-02 9.9767201602085342e-01</data></R>
<T type_id="opencv-matrix">
  <rows>3</rows>
  <cols>1</cols>
  <dt>d</dt>
  <data>
    -2.7977670380054334e+01 -5.3861767399146543e-01
    -4.4590075658245215e-01</data></T>
</opencv_storage>
