<?xml version="1.0"?>
<opencv_storage>
<R type_id="opencv-matrix">
  <rows>3</rows>
  <cols>3</cols>
  <dt>d</dt>
  <data>
    9.5274972177031625e-01 1.1891083550205610e-01
    -2.7951418723704874e-01 -1.0328288655144637e-01
    9.9218262788956013e-01 7.0044830357192236e-02 2.8565821012564302e-01
    -3.7866160544340083e-02 9.5758317700001616e-01</data></R>
<T type_id="opencv-matrix">
  <rows>3</rows>
  <cols>1</cols>
  <dt>d</dt>
  <data>
    3.4393478345479217e+01 -1.9907322858066687e+00
    1.0553550947294410e+00</data></T>
</opencv_storage>
