%YAML:1.0
---
R: !!opencv-matrix
   rows: 3
   cols: 3
   dt: d
   data: [ 9.5927145594041885e-01, -3.3408217549945621e-02,
       2.8050341320220079e-01, 5.3877217445481421e-02,
       9.9639179423947988e-01, -6.5579248337887891e-02,
       -2.7730041337560501e-01, 7.8021044419858687e-02,
       9.5761014894859642e-01 ]
T: [ -3.4268485007338384e+01, 9.0708420771776888e-01,
    3.1400893616864112e+00 ]
R1: !!opencv-matrix
   rows: 3
   cols: 3
   dt: d
   data: [ 9.7881282921730972e-01, -6.6629475700346399e-02,
       1.9361290847333157e-01, 7.3104200444370590e-02,
       9.9697261489807742e-01, -2.6483599088475539e-02,
       -1.9126217931675618e-01, 4.0076403421299721e-02,
       9.8072048038766801e-01 ]
R2: !!opencv-matrix
   rows: 3
   cols: 3
   dt: d
   data: [ 9.9548226146265995e-01, -2.6350340210329413e-02,
       -9.1218017321076372e-02, 2.9390954847582338e-02,
       9.9905075799094489e-01, 3.2152056401818625e-02,
       9.0284211722402891e-02, -3.4687786445927134e-02,
       9.9531176954015077e-01 ]
P1: !!opencv-matrix
   rows: 3
   cols: 4
   dt: d
   data: [ 7.7734645460048080e+02, 0., 5.4666883468627930e+02, 0., 0.,
       7.7734645460048080e+02, 3.3939455795288086e+02, 0., 0., 0., 1.,
       0. ]
P2: !!opencv-matrix
   rows: 3
   cols: 4
   dt: d
   data: [ 7.7734645460048080e+02, 0., 5.4666883468627930e+02,
       -2.6759377194571352e+04, 0., 7.7734645460048080e+02,
       3.3939455795288086e+02, 0., 0., 0., 1., 0. ]
Q: !!opencv-matrix
   rows: 4
   cols: 4
   dt: d
   data: [ 1., 0., 0., -5.4666883468627930e+02, 0., 1., 0.,
       -3.3939455795288086e+02, 0., 0., 0., 7.7734645460048080e+02, 0.,
       0., 2.9049497264016302e-02, 0. ]
