<?xml version="1.0"?>
<opencv_storage>
<R type_id="opencv-matrix">
  <rows>3</rows>
  <cols>3</cols>
  <dt>d</dt>
  <data>
    9.9977464048294196e-01 2.3721206393094250e-03 2.1096001774665144e-02
    -9.5493553094113065e-04 9.9775682280315936e-01
    -6.6935869665499553e-02 -2.1207459662483361e-02
    6.6900639708582454e-02 9.9753423402971320e-01</data></R>
<T type_id="opencv-matrix">
  <rows>3</rows>
  <cols>1</cols>
  <dt>d</dt>
  <data>
    -2.7994791349433793e+01 -5.4410969244991148e-01
    -2.8831799189528784e-01</data></T>
</opencv_storage>
