%YAML:1.0
---
R: !!opencv-matrix
   rows: 3
   cols: 3
   dt: d
   data: [ 9.9115756446054049e-01, -5.1170031837051065e-02,
       1.2242675465128057e-01, 4.9110482946434227e-02,
       9.9859740242792505e-01, 1.9783536816471770e-02,
       -1.2326736339119800e-01, -1.3596165120940612e-02,
       9.9228035424298633e-01 ]
T: [ -3.5675658021714149e+01, -1.6228538489101036e+00,
    3.9047093922362945e+00 ]
R1: !!opencv-matrix
   rows: 3
   cols: 3
   dt: d
   data: [ 9.9988420128940925e-01, -4.2270350856801657e-03,
       1.4619035064757320e-02, 4.1052981681445290e-03,
       9.9995673364967907e-01, 8.3472963057212857e-03,
       -1.4653686866819704e-02, -8.2863142017007615e-03,
       9.9985829318866970e-01 ]
R2: !!opencv-matrix
   rows: 3
   cols: 3
   dt: d
   data: [ 9.9304884823160566e-01, 4.5172905977725462e-02,
       -1.0868943642971422e-01, -4.6076888165983057e-02,
       9.9892094898234096e-01, -5.8187680104070435e-03,
       1.0830930432248563e-01, 1.0786391878057305e-02,
       9.9405872479820434e-01 ]
P1: !!opencv-matrix
   rows: 3
   cols: 4
   dt: d
   data: [ 9.5694382159094312e+02, 0., 6.8627384948730469e+02, 0., 0.,
       9.5694382159094312e+02, 3.4424360275268555e+02, 0., 0., 0., 1.,
       0. ]
P2: !!opencv-matrix
   rows: 3
   cols: 4
   dt: d
   data: [ 9.5694382159094312e+02, 0., 6.8627384948730469e+02,
       -3.4378571190999915e+04, 0., 9.5694382159094312e+02,
       3.4424360275268555e+02, 0., 0., 0., 1., 0. ]
Q: !!opencv-matrix
   rows: 4
   cols: 4
   dt: d
   data: [ 1., 0., 0., -6.8627384948730469e+02, 0., 1., 0.,
       -3.4424360275268555e+02, 0., 0., 0., 9.5694382159094312e+02, 0.,
       0., 2.7835473914095205e-02, 0. ]
