<?xml version="1.0"?>
<opencv_storage>
<R type_id="opencv-matrix">
  <rows>3</rows>
  <cols>3</cols>
  <dt>d</dt>
  <data>
    9.9890007190254970e-01 -1.3754725290218921e-02
    4.4826932588251531e-02 1.3346024132324361e-02 9.9986671636369562e-01
    9.4038900429776560e-03 -4.4950305815872380e-02
    -8.7952851159931438e-03 9.9895050576431854e-01</data></R>
<T type_id="opencv-matrix">
  <rows>3</rows>
  <cols>1</cols>
  <dt>d</dt>
  <data>
    -3.7418492628718397e+01 -1.1034608356267592e+00
    4.4695342232255024e+00</data></T>
</opencv_storage>
