%YAML:1.0
---
R: !!opencv-matrix
   rows: 3
   cols: 3
   dt: d
   data: [ 9.9945123448081774e-01, -1.5912677234846032e-02,
       -2.9051963754436468e-02, 1.3847593607840046e-02,
       9.9745440345622916e-01, -6.9949676032489680e-02,
       3.0091095793300469e-02, 6.9508990274623941e-02,
       9.9712738716021665e-01 ]
T: [ 3.0993126765938410e+01, 2.3742775002669534e+00,
    2.4765768670507327e+00 ]
R1: !!opencv-matrix
   rows: 3
   cols: 3
   dt: d
   data: [ 9.9682770956267253e-01, 6.5652152780242765e-02,
       4.4992358055073331e-02, -6.4056838455915560e-02,
       9.9729570092881892e-01, -3.6027855277946171e-02,
       -4.7235991522026934e-02, 3.3031496245485972e-02,
       9.9833745865850165e-01 ]
R2: !!opencv-matrix
   rows: 3
   cols: 3
   dt: d
   data: [ 9.9392886701469174e-01, 7.6141493036201782e-02,
       7.9422165376608164e-02, -7.8844650922597653e-02,
       9.9639009217751418e-01, 3.1469115516306309e-02,
       -7.6739353240596109e-02, -3.7540075235712289e-02,
       9.9634422486182561e-01 ]
P1: !!opencv-matrix
   rows: 3
   cols: 4
   dt: d
   data: [ 4.2004318993790201e+02, 0., 2.5727340888977051e+02, 0., 0.,
       4.2004318993790201e+02, 2.4319236946105957e+02, 0., 0., 0., 1.,
       0. ]
P2: !!opencv-matrix
   rows: 3
   cols: 4
   dt: d
   data: [ 4.2004318993790201e+02, 0., 2.5727340888977051e+02,
       1.3097971358872013e+04, 0., 4.2004318993790201e+02,
       2.4319236946105957e+02, 0., 0., 0., 1., 0. ]
Q: !!opencv-matrix
   rows: 4
   cols: 4
   dt: d
   data: [ 1., 0., 0., -2.5727340888977051e+02, 0., 1., 0.,
       -2.4319236946105957e+02, 0., 0., 0., 4.2004318993790201e+02, 0.,
       0., -3.2069331839955695e-02, 0. ]
