<?xml version="1.0"?>
<opencv_storage>
<K1 type_id="opencv-matrix">
  <rows>3</rows>
  <cols>3</cols>
  <dt>d</dt>
  <data>
    7.2216651541455838e+02 0. 3.2600226027093157e+02 0.
    7.2270406821930476e+02 2.3211628591937500e+02 0. 0. 1.</data></K1>
<D1 type_id="opencv-matrix">
  <rows>1</rows>
  <cols>5</cols>
  <dt>d</dt>
  <data>
    1.7364899264785361e-01 -1.6099684292828107e+00
    1.2575920506194807e-03 5.2999274558705673e-03 3.1878447735082349e+00</data></D1>
<K2 type_id="opencv-matrix">
  <rows>3</rows>
  <cols>3</cols>
  <dt>d</dt>
  <data>
    6.7812728240940862e+02 0. 3.2048018884644154e+02 0.
    6.8011387961144328e+02 2.2932299729220767e+02 0. 0. 1.</data></K2>
<D2 type_id="opencv-matrix">
  <rows>1</rows>
  <cols>5</cols>
  <dt>d</dt>
  <data>
    1.5482768374151964e-01 -1.3129211550338091e+00
    5.5597726284370820e-04 4.6487922159242694e-04 2.2962019816766315e+00</data></D2>
</opencv_storage>
