<?xml version="1.0"?>
<opencv_storage>
<K1 type_id="opencv-matrix">
  <rows>3</rows>
  <cols>3</cols>
  <dt>d</dt>
  <data>
    6.8530722442566332e+02 0. 3.1610841504598920e+02 0.
    6.8476941871451982e+02 2.3234246529599420e+02 0. 0. 1.</data></K1>
<D1 type_id="opencv-matrix">
  <rows>1</rows>
  <cols>5</cols>
  <dt>d</dt>
  <data>
    1.3426803327720438e-01 -1.1110084371898274e+00
    -2.8681734229318727e-05 -1.4555086007581358e-03
    1.6789155288158712e+00</data></D1>
<K2 type_id="opencv-matrix">
  <rows>3</rows>
  <cols>3</cols>
  <dt>d</dt>
  <data>
    6.7186377722047325e+02 0. 3.1194165746463699e+02 0.
    6.7223043659012899e+02 2.3405121090035337e+02 0. 0. 1.</data></K2>
<D2 type_id="opencv-matrix">
  <rows>1</rows>
  <cols>5</cols>
  <dt>d</dt>
  <data>
    1.2789280309901255e-01 -1.1068784066205490e+00
    1.0744180712767682e-04 -1.7194990594238820e-03
    2.0112104058963540e+00</data></D2>
</opencv_storage>
