<?xml version="1.0"?>
<opencv_storage>
<K1 type_id="opencv-matrix">
  <rows>3</rows>
  <cols>3</cols>
  <dt>d</dt>
  <data>
    5.5851165020725250e+02 0. 4.3076202310375135e+02 0.
    6.9830890097246652e+02 4.1949560938115798e+02 0. 0. 1.</data></K1>
<D1 type_id="opencv-matrix">
  <rows>1</rows>
  <cols>5</cols>
  <dt>d</dt>
  <data>
    -1.0556885054281903e-01 1.2931110405092622e-01
    1.8914986925604846e-03 -7.2431868718218502e-04
    -5.3377651122917806e-02</data></D1>
<K2 type_id="opencv-matrix">
  <rows>3</rows>
  <cols>3</cols>
  <dt>d</dt>
  <data>
    5.5773519052322160e+02 0. 4.1450352285948168e+02 0.
    6.9882530502710983e+02 4.1739128703284109e+02 0. 0. 1.</data></K2>
<D2 type_id="opencv-matrix">
  <rows>1</rows>
  <cols>5</cols>
  <dt>d</dt>
  <data>
    -1.0820562405072900e-01 1.2876318145005292e-01
    1.6506890939252104e-03 -7.8703613766110725e-05
    -4.3255945398417969e-02</data></D2>
</opencv_storage>
