<?xml version="1.0"?>
<opencv_storage>
<K1 type_id="opencv-matrix">
  <rows>3</rows>
  <cols>3</cols>
  <dt>d</dt>
  <data>
    1.1232845880775842e+03 0. 6.1395926395599008e+02 0.
    1.1231467056672527e+03 3.4898939486910371e+02 0. 0. 1.</data></K1>
<D1 type_id="opencv-matrix">
  <rows>1</rows>
  <cols>5</cols>
  <dt>d</dt>
  <data>
    8.0936469725320023e-02 -7.1400730067516394e-01
    1.9405699211570782e-03 -5.1921408970700819e-03
    1.2937427567773587e+00</data></D1>
<K2 type_id="opencv-matrix">
  <rows>3</rows>
  <cols>3</cols>
  <dt>d</dt>
  <data>
    1.1282120993308433e+03 0. 6.1810727049559853e+02 0.
    1.1281712301415062e+03 3.4023491771889434e+02 0. 0. 1.</data></K2>
<D2 type_id="opencv-matrix">
  <rows>1</rows>
  <cols>5</cols>
  <dt>d</dt>
  <data>
    1.2694694228543962e-01 -1.0395742420754333e+00
    7.0641901573504609e-04 9.1183793738921983e-04 1.8435245765544419e+00</data></D2>
</opencv_storage>
