%YAML:1.0
---
M1: !!opencv-matrix
   rows: 3
   cols: 3
   dt: d
   data: [ 3.8911313468380098e+02, 0., 1.2833127669597710e+02, 0.,
       4.0327870119516638e+02, 1.4824012445720882e+02, 0., 0., 1. ]
D1: !!opencv-matrix
   rows: 1
   cols: 14
   dt: d
   data: [ -8.9027830795936724e-01, 1.9556282566666900e+00, 0., 0., 0.,
       0., 0., 9.8852582002662015e-01, 0., 0., 0., 0., 0., 0. ]
M2: !!opencv-matrix
   rows: 3
   cols: 3
   dt: d
   data: [ 3.8911313468380098e+02, 0., 4.6343745107157656e+02, 0.,
       4.0327870119516638e+02, 2.0208217912770010e+02, 0., 0., 1. ]
D2: !!opencv-matrix
   rows: 1
   cols: 14
   dt: d
   data: [ 1.6411625440052941e+01, -2.0965816189533900e+01, 0., 0., 0.,
       0., 0., 6.8570512901253139e+01, 0., 0., 0., 0., 0., 0. ]
