<?xml version="1.0"?>
<opencv_storage>
<K1 type_id="opencv-matrix">
  <rows>3</rows>
  <cols>3</cols>
  <dt>d</dt>
  <data>
    8.7157236323545817e+02 0. 6.0421002954991809e+02 0.
    8.7173338720317179e+02 5.1889858076631253e+02 0. 0. 1.</data></K1>
<D1 type_id="opencv-matrix">
  <rows>1</rows>
  <cols>5</cols>
  <dt>d</dt>
  <data>
    -1.2042797636967427e-01 1.4075500500216900e-01
    5.6692409887059672e-04 -1.9756699743307647e-03
    -4.5239434664275831e-02</data></D1>
<K2 type_id="opencv-matrix">
  <rows>3</rows>
  <cols>3</cols>
  <dt>d</dt>
  <data>
    8.6889642713874173e+02 0. 6.3866401848846112e+02 0.
    8.6880504912084371e+02 5.1141493036420007e+02 0. 0. 1.</data></K2>
<D2 type_id="opencv-matrix">
  <rows>1</rows>
  <cols>5</cols>
  <dt>d</dt>
  <data>
    -1.0387221869696003e-01 1.0620122387165293e-01
    2.6317243093787772e-04 5.8643117590617284e-05
    -2.3069822094079595e-02</data></D2>
</opencv_storage>
